0.000000000000000000e+00
1.919581757567460301e+00
2.811203821430959149e+00
3.724942895870077209e+00
4.641337360215421981e+00
5.640408920035065776e+00
6.545263487923548062e+00
7.456475547815028193e+00
8.376320053560959877e+00
9.375880422572203443e+00
1.029140285129418331e+01
1.119720195900693049e+01
1.211008893995484748e+01
1.293837500671291352e+01
1.390953256459028786e+01
1.452215105114117044e+01
1.504217922700099841e+01
1.604842275133291807e+01
1.664910113196789254e+01
1.737456922097122103e+01
1.831833738792794009e+01
1.873876467358175546e+01
1.931083806854656970e+01
2.029722652433702734e+01
2.069602162681828617e+01
2.136673506537002254e+01
2.236367840048220401e+01
2.269469223776746247e+01
2.317139519456726404e+01
2.380848017403824102e+01
2.481676221725953013e+01
2.506350184123929381e+01
2.569863148092837335e+01
2.667261676323370168e+01
2.679116559820938193e+01
2.749438646540658482e+01
2.854980296037713927e+01
2.877018307819372467e+01
2.957170889949008341e+01
3.060871169159537430e+01
3.125955437572180173e+01
3.230555847298790439e+01
3.312284567074157593e+01
3.423693144827647217e+01
3.514598241610037377e+01
3.620039990264351104e+01
3.701372336701469123e+01
3.818169739408764229e+01
3.848630439760457733e+01
3.948904187653808151e+01
4.035754675806187208e+01
4.107213361971419374e+01
4.226741046082055675e+01
4.316214943129283910e+01
4.426134325904116196e+01
4.490833592431215493e+01
4.609066546174569368e+01
4.711118504704047183e+01
4.798935623802257311e+01
4.916362718325724046e+01
5.024598111865213212e+01
5.155460464117409458e+01
5.245633503068110315e+01
5.357163304603791687e+01
5.437573832596497425e+01
5.539018755405863459e+01
5.648774607855850860e+01
5.760206599693665908e+01
5.894155299751614763e+01
5.988270120967030863e+01
6.073205723254778832e+01
6.143911803790712867e+01
6.264032620046693722e+01
6.330896228609188370e+01
6.424752878725534799e+01
6.495247859672515744e+01
6.627782074428507997e+01
6.741557522394346336e+01
6.905786800847381812e+01
6.991974662971065868e+01
7.046434057416084329e+01
7.182190913707326274e+01
7.344140287824396296e+01
7.456762817406180943e+01
7.540932462508722267e+01
7.695037136181406368e+01
7.831666460346066572e+01
7.959630067299742961e+01
8.093347282592019099e+01
8.176085771899985843e+01
8.313385019054297231e+01
8.440812478567923449e+01
8.519114035905204219e+01
8.649431968703026996e+01
8.745335792134363828e+01
8.850212190121067124e+01
8.973560136002484455e+01
9.125844381266941241e+01
9.252593364852329216e+01
9.352870398888644843e+01
9.447886733354306443e+01
9.571530500616543691e+01
9.682064763809651708e+01
9.801930304300763908e+01
9.865903130512722896e+01
1.003082601095512842e+02
1.018431387413071008e+02
1.030839278384439126e+02
1.038074551532670853e+02
1.053282018183425635e+02
1.067797829097844442e+02
1.081013778566340306e+02
1.091743132030279355e+02
1.105679661792653121e+02
1.126368734080662648e+02
