5.000000000000000000e-01
2.530941078797776633e+00
3.529935076841929753e+00
4.529508221143146329e+00
5.531293959918519576e+00
6.530328559672080146e+00
7.527046182476018643e+00
8.526719166672725336e+00
9.530791599917058932e+00
1.053034094733190429e+01
1.152479945900516967e+01
1.252115241493246423e+01
1.351497343567658227e+01
1.451636775471920515e+01
1.548265034825467623e+01
1.641842838164008711e+01
1.745557520030184762e+01
1.846568603268575970e+01
1.941591778039161298e+01
2.047342257122851095e+01
2.140210521447756875e+01
2.224081094111431867e+01
2.336778294597734984e+01
2.435289213729609514e+01
2.518357240537798347e+01
2.636516152081189546e+01
2.736401420091796766e+01
2.801323608004935650e+01
2.892543166857099379e+01
3.023389802696507189e+01
3.125045756038823441e+01
3.185433120539245877e+01
3.316590403056307679e+01
3.413348762895408584e+01
3.463026264366860829e+01
3.609211862483521571e+01
3.717898858459471256e+01
3.778316149905428034e+01
3.918360162745721453e+01
4.034552296302321395e+01
4.188625764699072107e+01
4.313908822864910064e+01
4.492110609388439713e+01
4.624840083267065438e+01
4.800333968075025837e+01
4.920920548417633711e+01
5.092033990721746761e+01
5.216278151389326467e+01
5.283331803077857103e+01
5.428934146442452402e+01
5.520835575422842112e+01
5.675591084742089265e+01
5.815459220449713484e+01
5.985255543506188758e+01
6.109898051178083733e+01
6.239268831119630931e+01
6.415915250166921169e+01
6.528346367310722087e+01
6.689633500670331046e+01
6.824648516932919051e+01
7.007483151917612929e+01
7.155249306288470734e+01
7.292074948548486191e+01
7.443254884282133332e+01
7.529867214167626344e+01
7.698675680582937275e+01
7.823211616689567904e+01
8.004591830723525447e+01
8.161821127595582936e+01
8.333961271033798823e+01
8.424892767127069249e+01
8.589531310222339755e+01
8.730910113447036736e+01
8.882338574984672164e+01
8.986690588819794812e+01
9.158825546884109770e+01
9.324668305129053181e+01
9.540519379328596017e+01
9.732128402968633907e+01
9.871628201057727381e+01
9.928900431880407496e+01
1.016423890313866565e+02
1.035253240039855598e+02
1.050445048051687280e+02
1.065061027267539941e+02
1.088205122564189651e+02
1.103886037431324922e+02
1.122838041222246659e+02
1.137547206849869070e+02
1.149414508062325666e+02
1.167340476770272915e+02
1.181000738118084712e+02
1.191680456843791234e+02
1.207418245784264741e+02
1.222709720352706597e+02
1.234814851532720326e+02
1.255277868533926124e+02
1.273513030960985049e+02
1.293839420088036718e+02
1.304912983439935488e+02
1.321714188306815743e+02
1.335991777644078695e+02
1.354273024291511263e+02
1.367753591213135564e+02
1.378737425118062561e+02
1.401727054741311065e+02
1.418898901890900675e+02
1.435454118011874982e+02
1.443440979078011139e+02
1.466816140162260069e+02
1.483489054698426344e+02
1.502106827020462276e+02
1.514173050175498076e+02
1.535750758497270567e+02
1.560564797618935700e+02
