0 -34.731186
100 -34.976140
200 -35.117322
300 -35.220000
400 -35.058641
500 -35.174706
600 -35.143048
700 -34.880900
800 -34.967800
900 -34.909894
1000 -34.479064
1100 -35.202323
1200 -34.601646
1300 -35.150861
1400 -34.806760
1500 -35.115684
1600 -34.743268
1700 -34.705599
1800 -34.941368
1900 -35.499062
2000 -35.032471
2100 -33.947411
2200 -34.705714
2300 -34.445620
2400 -34.645072
2500 -34.997544
2600 -34.805061
2700 -34.931806
2800 -34.808333
2900 -34.420377
3000 -34.802727
3100 -34.816716
3200 -34.716658
3300 -34.138221
3400 -35.003119
3500 -34.212941
3600 -34.632659
3700 -34.871779
3800 -34.988954
3900 -34.574344
4000 -34.375403
4100 -34.280641
4200 -34.572681
4300 -34.879502
4400 -34.751530
4500 -35.211431
4600 -35.335138
4700 -34.842791
4800 -34.626204
4900 -34.597748
5000 -34.349119
5100 -34.651807
5200 -34.275862
5300 -35.061721
5400 -35.210775
5500 -34.446050
5600 -34.956697
5700 -34.800076
5800 -34.618750
5900 -34.552903
6000 -34.450606
6100 -35.381750
6200 -34.403444
6300 -35.239562
6400 -34.516633
6500 -34.560399
6600 -34.691538
6700 -34.771466
6800 -34.265576
6900 -34.030381
7000 -34.559408
7100 -34.842766
7200 -34.838648
7300 -34.989035
7400 -33.998122
7500 -35.481091
7600 -34.196324
7700 -34.062820
7800 -34.313517
7900 -34.466201
8000 -34.540718
8100 -34.738191
8200 -36.080261
8300 -34.586612
8400 -34.943850
8500 -34.786695
8600 -34.540000
8700 -34.740060
8800 -34.340044
8900 -33.888251
9000 -34.756241
9100 -34.312158
9200 -35.180470
9300 -34.048451
9400 -34.478956
9500 -34.924718
9600 -34.626486
9700 -34.323516
9800 -35.093774
9900 -34.214455
10000 -34.936341
10100 -34.997309
10200 -35.319023
10300 -36.079773
10400 -35.660323
10500 -35.683571
10600 -35.547143
10700 -36.434286
10800 -36.085000
10900 -36.809286
11000 -36.477187
11100 -36.715172
11200 -36.320000
11300 -37.072188
11400 -37.260526
11500 -36.596667
11600 -38.175000
11700 -40.083231
11800 -40.473182
11900 -40.625000
12000 -39.638400
12100 -40.416857
12200 -40.345556
12300 -40.315443
12400 -40.740000
12500 -40.920000
12600 -41.554805
12700 -40.729595
12800 -40.477733
12900 -38.583396
13000 -38.551220
13100 -40.701628
13200 -39.377368
13300 -38.460000
13400 -37.600000
13500 -37.319767
13600 -38.229787
13700 -37.954286
13800 -37.559231
13900 -38.028222
14000 -38.896341
14100 -37.886667
14200 -37.195833
14300 -36.048000
14400 -36.143529
14500 -35.260909
14600 -36.878250
14700 -39.554416
14800 -39.664444
14900 -40.139130
15000 -39.258904
15100 -38.688235
15200 -39.333077
15300 -39.407831
15400 -39.345529
15500 -39.587952
15600 -40.575610
15700 -40.558810
15800 -40.955301
15900 -41.228861
16000 -40.012195
16100 -40.189048
16200 -40.253600
16300 -40.158378
16400 -40.245556
16500 -41.035679
16600 -40.663099
16700 -40.387692
16800 -39.722778
16900 -40.575333
17000 -40.914634
17100 -40.685357
17200 -40.108630
17300 -39.934000
17400 -40.382381
17500 -39.934444
17600 -40.220000
17700 -40.358242
17800 -40.168283
17900 -39.332727
18000 -39.527216
18100 -40.224600
18200 -39.509802
18300 -39.889231
18400 -39.626604
18500 -39.495000
18600 -39.668667
18700 -39.291058
18800 -39.317685
18900 -39.267264
19000 -39.313333
19100 -38.975714
19200 -38.905663
19300 -39.608539
19400 -39.720000
19500 -39.152766
19600 -39.917347
19700 -39.373301
19800 -39.912062
19900 -39.610000
20000 -39.613918
20100 -39.957419
20200 -40.455612
20300 -40.455000
20400 -39.193762
20500 -39.420526
20600 -39.128700
20700 -39.996972
20800 -39.801667
20900 -40.782727
21000 -40.559406
21100 -40.536961
21200 -41.233039
21300 -41.370755
21400 -41.004423
21500 -40.885140
21600 -41.140957
21700 -40.953443
21800 -40.728293
21900 -40.796820
22000 -40.949563
22100 -40.532087
22200 -39.887212
22300 -40.713056
22400 -40.500658
22500 -40.490000
22600 -40.727679
22700 -40.725648
22800 -40.372973
22900 -39.301176
23000 -40.384762
23100 -40.613860
23200 -40.491053
23300 -38.379255
23400 -39.976893
23500 -41.235738
23600 -41.765625
23700 -41.917333
23800 -41.948000
23900 -42.047692
24000 -42.740000
24100 -42.009565
24200 -41.758333
24300 -41.280821
24400 -40.871538
24500 -40.869426
24600 -41.861230
24700 -42.070236
24800 -41.689538
24900 -40.930866
25000 -40.057953
25100 -40.853228
25200 -40.946154
25300 -40.910000
25400 -41.112482
25500 -41.966496
25600 -41.955547
25700 -41.433511
25800 -40.657324
25900 -41.333380
26000 -40.995912
26100 -40.396061
26200 -40.524848
26300 -40.777273
26400 -40.727266
26500 -40.643955
26600 -40.979776
26700 -40.889669
26800 -40.262903
26900 -40.248095
27000 -40.940709
27100 -40.594252
27200 -40.534773
27300 -40.687535
27400 -40.619571
27500 -39.091000
27600 -38.163393
27700 -37.311553
27800 -38.518889
27900 -40.157413
28000 -41.090000
28100 -41.243846
28200 -41.440625
28300 -41.517000
28400 -40.570846
28500 -41.132033
28600 -40.648807
28700 -39.215000
28800 -38.310870
28900 -38.005510
29000 -39.380652
29100 -41.219224
29200 -41.683047
29300 -41.355410
29400 -41.683691
29500 -42.052819
29600 -42.249747
29700 -42.287722
29800 -42.332090
29900 -42.378346
30000 -42.454000
30100 -42.587333
30200 -41.714733
30300 -41.574615
30400 -41.582963
30500 -41.218678
30600 -41.152562
30700 -41.821429
30800 -42.216794
30900 -42.125455
31000 -41.648182
31100 -41.979394
31200 -41.823465
31300 -41.542187
31400 -41.751587
31500 -41.783333
31600 -40.961148
31700 -40.136080
31800 -39.575333
31900 -39.165043
32000 -38.373739
32100 -37.792250
32200 -38.461557
32300 -40.090630
32400 -41.741642
32500 -42.211791
32600 -42.232879
32700 -42.372734
32800 -42.634559
32900 -43.002206
33000 -41.097481
33100 -39.704203
33200 -39.069270
33300 -38.842993
33400 -38.454559
33500 -38.758636
33600 -39.938731
33700 -41.005896
33800 -41.218296
33900 -41.093333
34000 -40.968182
34100 -41.869697
34200 -41.916667
34300 -41.736947
34400 -41.365798
34500 -40.390842
34600 -39.544135
34700 -39.995567
34800 -39.656087
34900 -38.752727
35000 -38.320000
35100 -38.393059
35200 -38.430471
35300 -40.943478
35400 -41.741463
35500 -41.691532
35600 -41.923556
35700 -42.901333
35800 -42.198678
35900 -42.049224
36000 -41.703559
36100 -41.173000
36200 -40.577087
36300 -39.475098
36400 -39.418571
36500 -40.444455
36600 -40.298305
36700 -39.501695
36800 -38.455575
36900 -38.361143
37000 -38.606019
37100 -38.320833
37200 -38.064519
37300 -38.168839
37400 -38.148364
37500 -37.791905
37600 -37.519455
37700 -37.531333
37800 -37.414667
37900 -37.653810
38000 -37.549697
38100 -37.324388
38200 -37.151727
38300 -37.283109
38400 -39.645714
38500 -40.994135
38600 -41.378014
38700 -41.343767
38800 -41.356687
38900 -41.373742
39000 -41.386645
39100 -41.309873
39200 -41.175427
39300 -40.913232
39400 -41.064578
39500 -41.582651
39600 -41.660545
39700 -41.627011
39800 -41.431609
39900 -40.990260
40000 -40.282468
40100 -39.270625
40200 -39.801897
40300 -40.602231
40400 -40.849794
40500 -41.238511
40600 -41.235172
40700 -39.949318
40800 -38.847326
40900 -39.125054
41000 -38.724194
41100 -38.142222
41200 -40.517647
41300 -41.139626
41400 -41.479483
41500 -41.598182
41600 -40.547273
41700 -39.766262
41800 -39.691495
41900 -39.412642
42000 -38.713019
42100 -38.277921
42200 -38.549032
42300 -38.507129
42400 -38.155484
42500 -38.608421
42600 -41.587424
42700 -41.784394
42800 -41.734048
42900 -41.647578
43000 -41.486525
43100 -41.017881
43200 -39.670424
43300 -39.183039
43400 -40.083611
43500 -40.005294
43600 -39.935812
43700 -39.813554
43800 -39.501538
43900 -39.150431
44000 -39.538362
44100 -38.948241
44200 -38.808081
44300 -38.157872
44400 -37.976970
44500 -38.193846
44600 -38.179355
44700 -38.199529
44800 -37.615506
44900 -37.382637
45000 -37.270000
45100 -36.850759
45200 -36.905814
45300 -37.244805
45400 -39.665686
45500 -40.951626
45600 -40.920588
45700 -40.391176
45800 -40.606304
45900 -40.775455
46000 -40.593636
46100 -40.836118
46200 -41.171893
46300 -40.870118
46400 -40.431131
46500 -39.758512
46600 -39.586316
46700 -39.431290
46800 -38.918293
46900 -38.487398
47000 -39.128783
47100 -39.021667
47200 -39.871818
47300 -40.265342
47400 -39.474783
47500 -39.416812
47600 -39.618917
47700 -39.627373
47800 -39.516560
47900 -39.708295
48000 -39.436977
48100 -39.270615
48200 -39.142578
48300 -39.121157
48400 -39.460000
48500 -39.437273
48600 -39.341942
48700 -39.151774
48800 -38.833053
48900 -38.894122
49000 -39.113359
49100 -38.936992
49200 -38.286923
49300 -38.756154
49400 -38.428571
49500 -38.284954
49600 -38.167117
49700 -38.074828
49800 -38.079655
49900 -38.009492
50000 -38.068814
50100 -38.025090
50200 -37.979264
50300 -37.933437
50400 -37.560000
50500 -37.337196
50600 -37.527847
50700 -37.664658
50800 -37.769699
50900 -37.763549
51000 -37.598609
51100 -37.217071
51200 -37.125277
51300 -37.137520
51400 -37.297520
51500 -37.174883
51600 -36.818180
51700 -37.152732
51800 -37.391771
51900 -37.262620
52000 -37.877709
52100 -38.859365
52200 -39.565835
52300 -40.126073
52400 -40.317387
52500 -40.297556
52600 -39.608701
52700 -38.508057
52800 -38.789296
52900 -39.984140
53000 -40.018823
53100 -39.230486
53200 -38.442149
53300 -38.147708
53400 -37.971385
53500 -37.815315
53600 -38.362274
53700 -38.909234
53800 -39.406048
53900 -39.751620
54000 -40.097192
54100 -40.261357
54200 -40.221774
54300 -40.182191
54400 -39.883033
54500 -39.468341
54600 -39.089049
54700 -38.895602
54800 -38.702156
54900 -38.761244
55000 -38.970565
55100 -39.148373
55200 -39.025989
55300 -38.903604
55400 -38.794510
55500 -38.695774
55600 -38.599017
55700 -38.566245
55800 -38.533474
55900 -38.345843
56000 -38.139850
56100 -37.841592
56200 -37.513876
56300 -37.474448
56400 -37.610215
56500 -37.916629
56600 -38.403521
56700 -38.883312
56800 -39.349918
56900 -39.700238
57000 -39.457786
57100 -39.215334
57200 -38.673129
57300 -38.124181
57400 -37.741894
57500 -37.403376
57600 -37.588801
57700 -38.114876
57800 -38.467093
57900 -38.579219
58000 -38.692691
58100 -38.916944
58200 -39.141196
58300 -39.729153
58400 -40.555565
58500 -41.206977
58600 -41.140532
58700 -41.074086
58800 -40.866927
58900 -40.621910
59000 -40.572023
59100 -40.840506
59200 -41.108988
59300 -41.084358
59400 -40.990973
59500 -40.928405
59600 -40.963424
59700 -40.998444
59800 -41.064747
59900 -41.146459
60000 -41.220389
60100 -41.224280
60200 -41.228171
60300 -41.388580
60400 -41.687787
60500 -41.986994
60600 -41.956438
60700 -41.819452
60800 -41.682466
60900 -41.598580
61000 -41.515667
61100 -41.417008
61200 -41.258392
61300 -41.099776
61400 -40.830079
61500 -40.415516
61600 -40.000952
61700 -39.448550
61800 -38.825140
61900 -38.795997
62000 -40.140356
62100 -41.484716
62200 -41.339813
62300 -41.106565
62400 -41.099466
62500 -41.252137
62600 -41.399008
62700 -41.526234
62800 -41.653461
62900 -41.728366
63000 -41.795454
63100 -41.718011
63200 -41.354949
63300 -40.991886
63400 -41.065588
63500 -41.247119
63600 -41.352502
63700 -41.249897
63800 -41.147293
63900 -41.337245
64000 -41.633220
64100 -41.895966
64200 -42.025797
64300 -42.155628
64400 -42.285459
64500 -42.241014
64600 -42.174589
64700 -42.108164
64800 -42.008696
64900 -41.884903
65000 -41.761111
65100 -41.611812
65200 -41.391401
65300 -41.170990
65400 -40.950580
65500 -40.661184
65600 -40.368309
65700 -40.075435
65800 -40.526813
65900 -41.396834
66000 -42.266855
66100 -42.152823
66200 -41.757994
66300 -41.363166
66400 -40.990741
66500 -40.620370
66600 -40.237358
66700 -39.632886
66800 -39.028414
66900 -38.518532
67000 -38.406723
67100 -38.294913
67200 -38.175827
67300 -38.041969
67400 -37.908110
67500 -37.820906
67600 -37.746102
67700 -37.654567
67800 -37.512835
67900 -37.371102
68000 -37.198622
68100 -37.013583
68200 -36.832559
68300 -36.671142
68400 -36.509724
68500 -37.520309
68600 -39.219213
68700 -40.918117
68800 -41.866383
68900 -42.143623
69000 -42.420864
69100 -42.673385
69200 -42.892598
69300 -43.111812
69400 -43.167041
69500 -42.880129
69600 -42.593217
69700 -42.163172
69800 -41.231515
69900 -40.299858
70000 -39.471651
70100 -39.402075
70200 -39.332498
70300 -39.262922
70400 -39.050949
70500 -38.832732
70600 -38.614516
70700 -38.534756
70800 -38.490481
70900 -38.446205
71000 -38.381879
71100 -38.305977
71200 -38.230076
71300 -38.163131
71400 -38.106205
71500 -38.049279
71600 -37.975215
71700 -37.863003
71800 -37.750792
71900 -37.664455
72000 -37.644653
72100 -37.624851
72200 -37.545644
72300 -37.288218
72400 -37.030792
72500 -36.814672
72600 -36.744998
72700 -36.675325
72800 -37.392340
72900 -38.918386
73000 -40.444431
73100 -41.112200
73200 -41.519241
73300 -41.911711
73400 -41.954485
73500 -41.997259
73600 -42.040034
73700 -41.536949
73800 -40.868042
73900 -40.199136
74000 -39.713892
74100 -39.417528
74200 -39.121164
74300 -38.932585
74400 -39.126154
74500 -39.319722
74600 -39.507135
74700 -39.338596
74800 -39.170056
74900 -39.001517
75000 -38.779632
75100 -38.545476
75200 -38.311321
75300 -38.220000
75400 -38.220000
75500 -38.220000
75600 -38.289785
75700 -38.483631
75800 -38.677477
75900 -38.845600
76000 -38.805600
76100 -38.765600
76200 -38.725600
76300 -38.652769
76400 -38.574593
76500 -38.496417
76600 -38.505733
76700 -38.538306
76800 -38.570879
76900 -38.432248
77000 -38.227036
77100 -38.021824
77200 -37.969288
77300 -37.998961
77400 -38.028635
77500 -38.029832
77600 -38.013352
77700 -37.996872
77800 -37.924646
77900 -37.812545
78000 -37.700445
78100 -37.626510
78200 -37.583801
78300 -37.541092
78400 -37.495060
78500 -37.440131
78600 -37.385203
78700 -37.330275
78800 -37.275363
78900 -37.220451
79000 -37.165540
79100 -37.180632
79200 -37.223354
79300 -37.266076
79400 -37.286439
79500 -37.278346
79600 -37.270254
79700 -37.262161
79800 -37.234288
79900 -37.199209
80000 -37.164131
80100 -37.129417
80200 -37.107837
80300 -37.086256
80400 -37.064675
80500 -37.029699
80600 -36.966257
80700 -36.902815
80800 -36.839374
80900 -36.829868
81000 -36.866866
81100 -36.903864
81200 -36.940862
81300 -36.884314
81400 -36.797082
81500 -36.709849
81600 -36.622617
81700 -36.637500
81800 -36.655541
81900 -36.673582
82000 -36.690696
82100 -36.698428
82200 -36.706160
82300 -36.713892
82400 -36.732448
82500 -36.791727
82600 -36.851005
82700 -36.910284
82800 -36.903180
82900 -36.761300
83000 -36.619420
83100 -36.477540
83200 -36.332734
83300 -36.183216
83400 -36.033697
83500 -35.884179
83600 -36.088971
83700 -36.750233
83800 -37.411495
83900 -38.072757
84000 -38.387674
84100 -38.342110
84200 -38.296547
84300 -38.250983
84400 -38.291367
84500 -38.514388
84600 -38.737410
84700 -38.960432
84800 -39.155755
84900 -39.194125
85000 -39.232494
85100 -39.270863
85200 -39.309233
85300 -39.395550
85400 -39.482846
85500 -39.570142
85600 -39.657439
85700 -39.747602
85800 -39.839472
85900 -39.931341
86000 -40.023211
86100 -40.120103
86200 -40.230372
86300 -40.340641
86400 -40.450910
86500 -40.561178
86600 -40.476640
86700 -40.375162
86800 -40.273684
86900 -40.172206
87000 -39.993917
87100 -39.693961
87200 -39.394005
87300 -39.094049
87400 -38.794094
87500 -38.684139
87600 -38.606927
87700 -38.529715
87800 -38.452504
87900 -38.395814
88000 -38.382734
88100 -38.369653
88200 -38.356573
88300 -38.343492
88400 -38.324017
88500 -38.302211
88600 -38.280406
88700 -38.258600
88800 -38.224617
88900 -38.119974
89000 -38.015330
89100 -37.910687
89200 -37.806043
89300 -37.785789
89400 -37.831842
89500 -37.877895
89600 -37.923947
89700 -37.970000
89800 -38.204649
89900 -38.439298
90000 -38.673947
90100 -38.908596
90200 -39.050467
90300 -39.074256
90400 -39.098045
90500 -39.121834
90600 -39.145623
90700 -39.198727
90800 -39.258441
90900 -39.318155
91000 -39.377869
91100 -39.432709
91200 -39.454040
91300 -39.475371
91400 -39.496702
91500 -39.518033
91600 -39.534681
91700 -39.545344
91800 -39.556008
91900 -39.566671
92000 -39.577334
92100 -39.564848
92200 -39.544646
92300 -39.524444
92400 -39.504242
92500 -39.484040
92600 -39.505859
92700 -39.538182
92800 -39.570505
92900 -39.602828
93000 -39.635152
93100 -39.579899
93200 -39.509192
93300 -39.438485
93400 -39.367778
93500 -39.297071
93600 -39.272398
93700 -39.252840
93800 -39.233282
93900 -39.213724
94000 -39.194166
94100 -39.160761
94200 -39.123608
94300 -39.086455
94400 -39.049302
94500 -39.012149
94600 -38.976307
94700 -38.941103
94800 -38.905899
94900 -38.870694
95000 -38.835490
95100 -38.818900
95200 -38.816935
95300 -38.814971
95400 -38.813006
95500 -38.811041
95600 -38.815540
95700 -38.827328
95800 -38.839116
95900 -38.850904
96000 -38.862692
96100 -38.834165
96200 -38.739862
96300 -38.645560
96400 -38.551257
96500 -38.456955
96600 -38.368919
96700 -38.296228
96800 -38.223536
96900 -38.150845
97000 -38.078153
97100 -38.007513
97200 -37.945076
97300 -37.882638
97400 -37.820201
97500 -37.757764
97600 -37.704794
97700 -37.682638
97800 -37.660483
97900 -37.638328
98000 -37.616173
98100 -37.578879
98200 -37.500655
98300 -37.422431
98400 -37.344207
98500 -37.265983
98600 -37.220867
98700 -37.203953
98800 -37.187040
98900 -37.170127
99000 -37.153214
99100 -37.067500
99200 -36.965648
99300 -36.863796
99400 -36.761944
99500 -36.694120
99600 -36.661713
99700 -36.629306
99800 -36.596898
99900 -36.570895
100000 -36.576158
100100 -36.581421
100200 -36.586684
100300 -36.770132
100400 -37.256974
100500 -37.743816
100600 -38.230658
100700 -38.532791
100800 -38.695581
100900 -38.858372
101000 -39.021163
101100 -39.019354
101200 -38.947003
101300 -38.874651
101400 -38.802300
101500 -38.705373
101600 -38.603412
101700 -38.501451
101800 -38.399843
101900 -38.368471
102000 -38.337098
102100 -38.305725
102200 -38.315294
102300 -38.511373
102400 -38.707451
102500 -38.903529
102600 -38.966889
102700 -38.789111
102800 -38.611333
102900 -38.433556
103000 -38.396563
103100 -38.484419
103200 -38.572274
103300 -38.660129
103400 -38.594496
103500 -38.449793
103600 -38.305090
103700 -38.160388
103800 -38.064677
103900 -37.981990
104000 -37.899302
104100 -37.816615
104200 -37.593669
104300 -37.358527
104400 -37.123385
104500 -36.905923
104600 -37.024380
104700 -37.142837
104800 -37.261295
104900 -37.223554
105000 -36.970110
105100 -36.716667
105200 -36.463223
105300 -36.708154
105400 -37.085565
105500 -37.462975
105600 -37.799835
105700 -37.923802
105800 -38.047769
105900 -38.171736
106000 -38.257718
106100 -38.310017
106200 -38.362315
106300 -38.414613
106400 -38.373075
106500 -38.320763
106600 -38.268450
106700 -38.270118
106800 -38.421508
106900 -38.572898
107000 -38.724288
107100 -38.799141
107200 -38.829427
107300 -38.859714
107400 -38.890000
107500 -38.818630
107600 -38.747260
107700 -38.675891
107800 -38.611376
107900 -38.559206
108000 -38.507037
108100 -38.454868
108200 -38.253547
108300 -37.992772
108400 -37.731998
108500 -37.491582
108600 -37.513548
108700 -37.535513
108800 -37.557479
108900 -37.655597
109000 -37.854660
109100 -37.914230
109200 -37.921844
109300 -38.044795
109400 -38.007704
109500 -37.609344
109600 -37.683788
109700 -38.073434
109800 -38.463081
109900 -38.846200
110000 -38.303327
